
#' Mechanism list that is used
#' @name mechanisms_fy21
#' @description FY21 Mechanisms
#'
#' @export
#'
mech_list_21 <- c("17399", "18304", "17400", "17413", "18487", "17422", "17410")


#' Mechanism list that is used
#' @name mechanisms_fy22
#' @description FY22 Mechanisms
#'
#' @export
#'
mech_list_22 <- c("17399", "17400", "17410", "17413", "17422", "18487", "82075", "82086", "85117")
