
#' Mechanism list that is used
#' @name mechanisms
#'
#' @export
#'
mech_list <- c("17399", "18304", "17400", "17413", "18487", "17422", "17410")
